Webots Project File version R2023b
perspectives: 000000ff00000000fd0000000300000000000001ca0000039ffc0200000001fb00000012005300630065006e0065005400720065006501000000000000039f0000000000000000000000010000034f00000533fc0200000001fb0000001400540065007800740045006400690074006f0072010000001a000005330000008c00ffffff0000000300000bbd000002a5fc0100000002fb0000000e0043006f006e0073006f006c006501000001d0000005b00000000000000000fb0000001a0043006f006e0073006f006c00650041006c006c0041006c006c010000000000000bbd0000006900ffffff0000086c0000053300000004000000040000000100000008fc00000000
simulationViewPerspectives: 000000ff0000000100000002000000fc000002cf0100000002010000000101
sceneTreePerspectives: 000000ff000000010000000300000022000002fb000000fa0100000002010000000201
maximizedDockId: -1
centralWidgetVisible: 1
orthographicViewHeight: 1
textFiles: 0 "G:/My Drive/Deep/Business/Projects/Webots - Aryan Jain Nov 2023/webots-Rtanaryan-master/controllers/LeaderRobot/LeaderRobot.cpp" "G:/My Drive/Deep/Business/Projects/Webots - Aryan Jain Nov 2023/webots-Rtanaryan-master/controllers/ScoutController/ScoutController.cpp" "G:/My Drive/Deep/Business/Projects/Webots - Aryan Jain Nov 2023/webots-Rtanaryan-master/controllers/BaseRobot/BaseRobot.cpp" "G:/My Drive/Deep/Business/Projects/Webots - Aryan Jain Nov 2023/webots-Rtanaryan-master/controllers/BaseRobot/BaseRobot.hpp"
globalOptionalRendering: Skeleton::PenPaintingRays::RadarFrustums::LightSensorRays::ContactPoints::CoordinateSystem::JointAxes::LidarPointClouds
consoles: Console:All:All
renderingDevicePerspectives: 0:camera depth;1;0.078125;0;0
renderingDevicePerspectives: 0:camera rgb;1;0.078125;0;0
renderingDevicePerspectives: 1:camera;1;1;0;0
renderingDevicePerspectives: 2:camera;1;1;0;0
renderingDevicePerspectives: 3:camera;1;1;0;0
