Webots Project File version R2023b
perspectives: 000000ff00000000fd0000000300000000000001ca0000039ffc0200000001fb00000012005300630065006e0065005400720065006501000000000000039f000000000000000000000001000001800000061ffc0200000001fb0000001400540065007800740045006400690074006f0072010000001a0000061f0000008c00ffffff0000000300000f00000001c3fc0100000002fb0000000e0043006f006e0073006f006c006501000001d0000005b00000000000000000fb0000001a0043006f006e0073006f006c00650041006c006c0041006c006c010000000000000f000000006900ffffff00000d7e0000061f00000004000000040000000100000008fc00000000
simulationViewPerspectives: 000000ff0000000100000002000000fc000002cf0100000002010000000101
sceneTreePerspectives: 000000ff000000010000000300000022000002fb000000fa0100000002010000000201
maximizedDockId: -1
centralWidgetVisible: 1
orthographicViewHeight: 1
textFiles: 1 "controllers/LeaderRobot/LeaderRobot.cpp" "controllers/ScoutController/ScoutController.cpp" "controllers/BaseRobot/BaseRobot.cpp" "controllers/BaseRobot/BaseRobot.hpp"
globalOptionalRendering: Skeleton::PenPaintingRays::RadarFrustums::LightSensorRays::ContactPoints::CoordinateSystem::JointAxes::LidarPointClouds
consoles: Console:All:All
renderingDevicePerspectives: 0:camera depth;1;0.776563;0;0
renderingDevicePerspectives: 0:camera rgb;1;0.776563;0;0
renderingDevicePerspectives: 1:camera;1;1;0;0
renderingDevicePerspectives: 2:camera;1;1;0;0
renderingDevicePerspectives: 3:camera;1;1;0;0
