Webots Project File version R2023b
perspectives: 000000ff00000000fd000000020000000100000350000006fefc0200000001fb0000001400540065007800740045006400690074006f0072010000001a000006fe0000008c00ffffff0000000300000a5c000000dafc0100000001fb0000001a0043006f006e0073006f006c00650041006c006c0041006c006c010000000000000a5c0000006900ffffff0000070a000006fe00000001000000020000000100000008fc00000000
simulationViewPerspectives: 000000ff000000010000000200000110000004ef0100000002010000000101
sceneTreePerspectives: 000000ff000000010000000300000022000000c0000000fa0100000002010000000201
maximizedDockId: -1
centralWidgetVisible: 1
orthographicViewHeight: 1
textFiles: 3 "G:/My Drive/Deep/Business/Projects/Webots - Aryan Jain Nov 2023/webots-Rtanaryan-master/controllers/BaseRobot/BaseRobot.cpp" "G:/My Drive/Deep/Business/Projects/Webots - Aryan Jain Nov 2023/webots-Rtanaryan-master/controllers/BaseRobot/BaseRobot.hpp" "G:/My Drive/Deep/Business/Projects/Webots - Aryan Jain Nov 2023/webots-Rtanaryan-master/controllers/BaseRobot/Makefile" "G:/My Drive/Deep/Business/Projects/Webots - Aryan Jain Nov 2023/webots-Rtanaryan-master/controllers/LeaderRobot/LeaderRobot.cpp" "G:/My Drive/Deep/Business/Projects/Webots - Aryan Jain Nov 2023/webots-Rtanaryan-master/controllers/LeaderRobot/LeaderRobot.hpp"
consoles: Console:All:All
renderingDevicePerspectives: 0:camera depth;0;0.895833;0;0
renderingDevicePerspectives: 0:camera rgb;0;0.895833;0;0
renderingDevicePerspectives: 1:camera;0;1;0;0
renderingDevicePerspectives: 2:camera;0;1;0;0
renderingDevicePerspectives: 3:camera;0;1;0;0
