Webots Project File version R2023a
perspectives: 000000ff00000000fd0000000300000000000001ca0000039ffc0200000001fb00000012005300630065006e0065005400720065006501000000000000039f0000000000000000000000010000023a000005c0fc0200000001fb0000001400540065007800740045006400690074006f00720000000016000005c00000008900ffffff0000000300000afa000000dafc0100000002fb0000001a0043006f006e0073006f006c00650041006c006c0041006c006c010000000000000afa0000000000000000fb0000000e0043006f006e0073006f006c006501000001d0000005b0000000000000000000000afa0000069c00000004000000040000000100000008fc00000000
simulationViewPerspectives: 000000ff00000001000000020000016c000004a00100000002010000000101
sceneTreePerspectives: 000000ff00000001000000030000001c0000065f000000fa0100000002010000000201
maximizedDockId: -1
centralWidgetVisible: 1
orthographicViewHeight: 1
textFiles: 1 "controllers/ScoutController/ScoutController.cpp" "controllers/LeaderController/LeaderController.cpp"
globalOptionalRendering: LidarRaysPaths::LidarPointClouds
renderingDevicePerspectives: 0:camera depth;0;0.895833;0;0
renderingDevicePerspectives: 0:camera rgb;0;0.895833;0;0
renderingDevicePerspectives: 1:camera;1;1;0;0
renderingDevicePerspectives: 2:camera;1;1;0;0
renderingDevicePerspectives: 3:camera;1;1;0;0
renderingDevicePerspectives: Rosbot:camera depth;0;0.895833;0;0
renderingDevicePerspectives: Rosbot:camera rgb;0;0.895833;0;0
renderingDevicePerspectives: e-puck:camera;1;1;0;0
